<!DOCTYPE html>

<html>

<head>

<meta charset="utf-8" />
<meta name="generator" content="pandoc" />
<meta http-equiv="X-UA-Compatible" content="IE=EDGE" />




<title>Figure10</title>

<script src="site_libs/header-attrs-2.11/header-attrs.js"></script>
<script src="site_libs/jquery-3.6.0/jquery-3.6.0.min.js"></script>
<meta name="viewport" content="width=device-width, initial-scale=1" />
<link href="site_libs/bootstrap-3.3.5/css/bootstrap.min.css" rel="stylesheet" />
<script src="site_libs/bootstrap-3.3.5/js/bootstrap.min.js"></script>
<script src="site_libs/bootstrap-3.3.5/shim/html5shiv.min.js"></script>
<script src="site_libs/bootstrap-3.3.5/shim/respond.min.js"></script>
<style>h1 {font-size: 34px;}
       h1.title {font-size: 38px;}
       h2 {font-size: 30px;}
       h3 {font-size: 24px;}
       h4 {font-size: 18px;}
       h5 {font-size: 16px;}
       h6 {font-size: 12px;}
       code {color: inherit; background-color: rgba(0, 0, 0, 0.04);}
       pre:not([class]) { background-color: white }</style>
<script src="site_libs/navigation-1.1/tabsets.js"></script>
<link href="site_libs/highlightjs-9.12.0/default.css" rel="stylesheet" />
<script src="site_libs/highlightjs-9.12.0/highlight.js"></script>
<script src="site_libs/htmlwidgets-1.5.4/htmlwidgets.js"></script>
<script src="site_libs/plotly-binding-4.10.0/plotly.js"></script>
<script src="site_libs/typedarray-0.1/typedarray.min.js"></script>
<link href="site_libs/crosstalk-1.2.0/css/crosstalk.min.css" rel="stylesheet" />
<script src="site_libs/crosstalk-1.2.0/js/crosstalk.min.js"></script>
<link href="site_libs/plotly-htmlwidgets-css-2.5.1/plotly-htmlwidgets.css" rel="stylesheet" />
<script src="site_libs/plotly-main-2.5.1/plotly-latest.min.js"></script>

<style type="text/css">
  code{white-space: pre-wrap;}
  span.smallcaps{font-variant: small-caps;}
  span.underline{text-decoration: underline;}
  div.column{display: inline-block; vertical-align: top; width: 50%;}
  div.hanging-indent{margin-left: 1.5em; text-indent: -1.5em;}
  ul.task-list{list-style: none;}
    </style>

<style type="text/css">code{white-space: pre;}</style>
<script type="text/javascript">
if (window.hljs) {
  hljs.configure({languages: []});
  hljs.initHighlightingOnLoad();
  if (document.readyState && document.readyState === "complete") {
    window.setTimeout(function() { hljs.initHighlighting(); }, 0);
  }
}
</script>








<style type = "text/css">
.main-container {
  max-width: 940px;
  margin-left: auto;
  margin-right: auto;
}
img {
  max-width:100%;
}
.tabbed-pane {
  padding-top: 12px;
}
.html-widget {
  margin-bottom: 20px;
}
button.code-folding-btn:focus {
  outline: none;
}
summary {
  display: list-item;
}
pre code {
  padding: 0;
}
</style>


<style type="text/css">
.dropdown-submenu {
  position: relative;
}
.dropdown-submenu>.dropdown-menu {
  top: 0;
  left: 100%;
  margin-top: -6px;
  margin-left: -1px;
  border-radius: 0 6px 6px 6px;
}
.dropdown-submenu:hover>.dropdown-menu {
  display: block;
}
.dropdown-submenu>a:after {
  display: block;
  content: " ";
  float: right;
  width: 0;
  height: 0;
  border-color: transparent;
  border-style: solid;
  border-width: 5px 0 5px 5px;
  border-left-color: #cccccc;
  margin-top: 5px;
  margin-right: -10px;
}
.dropdown-submenu:hover>a:after {
  border-left-color: #adb5bd;
}
.dropdown-submenu.pull-left {
  float: none;
}
.dropdown-submenu.pull-left>.dropdown-menu {
  left: -100%;
  margin-left: 10px;
  border-radius: 6px 0 6px 6px;
}
</style>

<script type="text/javascript">
// manage active state of menu based on current page
$(document).ready(function () {
  // active menu anchor
  href = window.location.pathname
  href = href.substr(href.lastIndexOf('/') + 1)
  if (href === "")
    href = "index.html";
  var menuAnchor = $('a[href="' + href + '"]');

  // mark it active
  menuAnchor.tab('show');

  // if it's got a parent navbar menu mark it active as well
  menuAnchor.closest('li.dropdown').addClass('active');

  // Navbar adjustments
  var navHeight = $(".navbar").first().height() + 15;
  var style = document.createElement('style');
  var pt = "padding-top: " + navHeight + "px; ";
  var mt = "margin-top: -" + navHeight + "px; ";
  var css = "";
  // offset scroll position for anchor links (for fixed navbar)
  for (var i = 1; i <= 6; i++) {
    css += ".section h" + i + "{ " + pt + mt + "}\n";
  }
  style.innerHTML = "body {" + pt + "padding-bottom: 40px; }\n" + css;
  document.head.appendChild(style);
});
</script>

<!-- tabsets -->

<style type="text/css">
.tabset-dropdown > .nav-tabs {
  display: inline-table;
  max-height: 500px;
  min-height: 44px;
  overflow-y: auto;
  border: 1px solid #ddd;
  border-radius: 4px;
}

.tabset-dropdown > .nav-tabs > li.active:before {
  content: "";
  font-family: 'Glyphicons Halflings';
  display: inline-block;
  padding: 10px;
  border-right: 1px solid #ddd;
}

.tabset-dropdown > .nav-tabs.nav-tabs-open > li.active:before {
  content: "&#xe258;";
  border: none;
}

.tabset-dropdown > .nav-tabs.nav-tabs-open:before {
  content: "";
  font-family: 'Glyphicons Halflings';
  display: inline-block;
  padding: 10px;
  border-right: 1px solid #ddd;
}

.tabset-dropdown > .nav-tabs > li.active {
  display: block;
}

.tabset-dropdown > .nav-tabs > li > a,
.tabset-dropdown > .nav-tabs > li > a:focus,
.tabset-dropdown > .nav-tabs > li > a:hover {
  border: none;
  display: inline-block;
  border-radius: 4px;
  background-color: transparent;
}

.tabset-dropdown > .nav-tabs.nav-tabs-open > li {
  display: block;
  float: none;
}

.tabset-dropdown > .nav-tabs > li {
  display: none;
}
</style>

<!-- code folding -->




</head>

<body>


<div class="container-fluid main-container">




<div class="navbar navbar-default  navbar-fixed-top" role="navigation">
  <div class="container">
    <div class="navbar-header">
      <button type="button" class="navbar-toggle collapsed" data-toggle="collapse" data-target="#navbar">
        <span class="icon-bar"></span>
        <span class="icon-bar"></span>
        <span class="icon-bar"></span>
      </button>
      <a class="navbar-brand" href="index.html">Dissertation Figures</a>
    </div>
    <div id="navbar" class="navbar-collapse collapse">
      <ul class="nav navbar-nav">
        <li>
  <a href="Figure1.html">Figure 1</a>
</li>
<li>
  <a href="Figure2.html">Figure 2</a>
</li>
<li>
  <a href="Figure3.html">Figure 3</a>
</li>
<li>
  <a href="Figure5.html">Figure 5</a>
</li>
<li>
  <a href="Figure7.html">Figure 7</a>
</li>
<li>
  <a href="Figure8.html">Figure 8</a>
</li>
<li>
  <a href="Figure9.html">Figure 9</a>
</li>
<li>
  <a href="Figure10.html">Figure 10</a>
</li>
<li>
  <a href="Figure12.html">Figure 12</a>
</li>
      </ul>
      <ul class="nav navbar-nav navbar-right">
        
      </ul>
    </div><!--/.nav-collapse -->
  </div><!--/.container -->
</div><!--/.navbar -->

<div id="header">



<h1 class="title toc-ignore">Figure10</h1>

</div>


<div id="htmlwidget-4ac98f9f6b8e4b50753c" style="width:768px;height:768px;" class="plotly html-widget"></div>
<script type="application/json" data-for="htmlwidget-4ac98f9f6b8e4b50753c">{"x":{"visdat":{"601461ae54e1":["function () ","plotlyVisDat"]},"cur_data":"601461ae54e1","attrs":{"601461ae54e1":{"x":["Bayesian","ChemPhys","ClinicalTrials","Cluster","Databases","DifferentialEquations","Distributions","Econometrics","Environmetrics","ExperimentalDesign","ExtremeValue","Finance","FunctionalData","Genetics","GraphicalModels","HighPerformanceComputing","Hydrology","MachineLearning","MedicalImaging","MetaAnalysis","MissingData","ModelDeployment","Multivariate","NaturalLanguageProcessing","NumericalMathematics","OfficialStatistics","Optimization","Pharmacokinetics","Phylogenetics","Psychometrics","ReproducibleResearch","Robust","SocialSciences","Spatial","SpatioTemporal","Survival","TeachingStatistics","TimeSeries","Tracking","WebTechnologies"],"y":["Bayesian","ChemPhys","ClinicalTrials","Cluster","Databases","DifferentialEquations","Distributions","Econometrics","Environmetrics","ExperimentalDesign","ExtremeValue","Finance","FunctionalData","Genetics","GraphicalModels","HighPerformanceComputing","Hydrology","MachineLearning","MedicalImaging","MetaAnalysis","MissingData","ModelDeployment","Multivariate","NaturalLanguageProcessing","NumericalMathematics","OfficialStatistics","Optimization","Pharmacokinetics","Phylogenetics","Psychometrics","ReproducibleResearch","Robust","SocialSciences","Spatial","SpatioTemporal","Survival","TeachingStatistics","TimeSeries","Tracking","WebTechnologies"],"z":[[0,0.101694915254237,0.141509433962264,0.174603174603175,0.0148148148148148,0.0654205607476635,0.330232558139535,0.26797385620915,0.357615894039735,0.0775193798449612,0.0285714285714286,0.189922480620155,0.10655737704918,0.04,1.35185185185185,0.483660130718954,0.0598290598290598,0.105633802816901,0.019047619047619,0.343949044585987,0.235294117647059,0.0344827586206897,0.518716577540107,0,0.549107142857143,0.113333333333333,0.17741935483871,0.03125,0.142857142857143,0.252459016393443,0.0472972972972973,0.171779141104294,0.450704225352113,0.108247422680412,0.149425287356322,0.133928571428571,0.347826086956522,0.128805620608899,0.0380952380952381,0.00932835820895522],[0.101694915254237,0,0.25,0.184615384615385,0.0769230769230769,0.175,0.158227848101266,0.146938775510204,0.352272727272727,0.0819672131147541,0.0277777777777778,0.0789473684210526,0.153846153846154,0.0666666666666667,0.0784313725490196,0.244186046511628,0.0638297872340425,0.184210526315789,0.0606060606060606,0.074468085106383,0.0681818181818182,0.0869565217391304,0.369747899159664,0,0.175324675324675,0.109756097560976,0.235294117647059,0.0384615384615385,0.110429447852761,0.139344262295082,0.036144578313253,0.348837209302326,0.318681318681319,0.0703363914373089,0.087378640776699,0.0785714285714286,0.583333333333333,0.0478723404255319,0.0285714285714286,0.0343347639484979],[0.141509433962264,0.25,0,0.11864406779661,0.0526315789473684,0.0303030303030303,0.177631578947368,0.143478260869565,0.159090909090909,0.418604651162791,0.0357142857142857,0.102150537634409,0.0227272727272727,0.0454545454545455,0.13953488372093,0.192771084337349,0.153846153846154,0.242857142857143,0.037037037037037,1.33333333333333,0.26027397260274,0.0789473684210526,0.288135593220339,0,0.102739726027397,0.211267605633803,0.1,0.125,0.0649350649350649,0.0745098039215686,0.161764705882353,0.117647058823529,0.444444444444444,0.0214723926380368,0.0495049504950495,1.61320754716981,0.638888888888889,0.0244565217391304,0,0.0174672489082969],[0.174603174603175,0.184615384615385,0.11864406779661,0,0.0238095238095238,0,0.31875,0.155234657039711,0.857142857142857,0.05,0.0181818181818182,0.0704225352112676,0.132352941176471,0,0.184615384615385,0.390909090909091,0.0606060606060606,0.241379310344828,0.0188679245283019,0.106194690265487,0.130841121495327,0.0307692307692308,1.5,0.0895522388059701,0.410404624277457,0.0943396226415094,0.225352112676056,0,0.111111111111111,0.193181818181818,0.0588235294117647,0.421052631578947,0.426086956521739,0.0542857142857143,0.0625,0.0404040404040404,0.537313432835821,0.0531645569620253,0.037037037037037,0.0123711340206186],[0.0148148148148148,0.0769230769230769,0.0526315789473684,0.0238095238095238,0,0.0344827586206897,0.0169491525423729,0.0218181818181818,0.0265486725663717,0.0512820512820513,0,0.0663507109004739,0.0144927536231884,0.0212765957446809,0.0294117647058824,0.283018867924528,0.34375,0.0105263157894737,0,0.225225225225225,0.219047619047619,0.297872340425532,0.0134228187919463,0.0972222222222222,0.0818713450292398,0.192307692307692,0.0133333333333333,0.13953488372093,0.0333333333333333,0.0785714285714286,0.16,0.00909090909090909,0.0256410256410256,0.0699708454810496,0.126984126984127,0.0235690235690236,0.0461538461538462,0.125641025641026,0.230769230769231,0.116910229645094],[0.0654205607476635,0.175,0.0303030303030303,0,0.0344827586206897,0,0.0718954248366013,0.0438247011952191,0.102272727272727,0.037037037037037,0,0.0483870967741935,0.133333333333333,0.0434782608695652,0.0681818181818182,0.166666666666667,0.025,0,0.0357142857142857,0.0229885057471264,0.0246913580246914,0.0512820512820513,0.08,0,0.234042553191489,0.0375,0.117647058823529,0.0526315789473684,0.0641025641025641,0.0313725490196078,0.0131578947368421,0.0581395348837209,0.0860215053763441,0.0122324159021407,0.0588235294117647,0.0476190476190476,0.170731707317073,0.0438356164383562,0.0357142857142857,0.0108932461873638],[0.330232558139535,0.158227848101266,0.177631578947368,0.31875,0.0169491525423729,0.0718954248366013,0,0.407166123778502,0.543624161073825,0.248520710059172,0.339285714285714,0.482905982905983,0.176829268292683,0.028169014084507,0.0674846625766871,0.434343434343434,0.141935483870968,0.123655913978495,0.0204081632653061,0.223300970873786,0.455,0.0189873417721519,1.10077519379845,0.0242424242424242,0.799126637554585,0.180904522613065,0.294117647058824,0.0144927536231884,0.116363636363636,0.463414634146341,0.0564102564102564,0.553333333333333,0.528301886792453,0.104308390022676,0.180995475113122,0.306010928961749,0.425,0.278925619834711,0.136054421768707,0.0103806228373702],[0.26797385620915,0.146938775510204,0.143478260869565,0.155234657039711,0.0218181818181818,0.0438247011952191,0.407166123778502,0,0.957055214723926,0.151291512915129,0.0408163265306122,1.09405940594059,0.194656488549618,0.0333333333333333,0.0804597701149425,0.192691029900332,0.163424124513619,0.217391304347826,0.0204081632653061,0.211221122112211,0.621513944223108,0.04296875,0.629787234042553,0.0339622641509434,0.39202657807309,0.328185328185328,0.234126984126984,0.0169491525423729,0.109919571045576,0.703821656050955,0.117647058823529,0.493023255813954,1.84466019417476,0.152641878669276,0.289855072463768,1.04609929078014,0.447916666666667,1.00884955752212,0.0897959183673469,0.0162721893491124],[0.357615894039735,0.352272727272727,0.159090909090909,0.857142857142857,0.0265486725663717,0.102272727272727,0.543624161073825,0.957055214723926,0,0.256880733944954,0.144736842105263,0.572254335260116,0.39,0.148648648648649,0.0606060606060606,0.244604316546763,0.493506493506494,0.425742574257426,0.0240963855421687,0.267605633802817,0.736842105263158,0.0425531914893617,1.41573033707865,0.0194174757281553,0.377777777777778,0.440677966101695,0.307692307692308,0.0540540540540541,0.8984375,0.622448979591837,0.108527131782946,0.534653465346535,1.42465753424658,0.230113636363636,0.481751824817518,0.288025889967638,0.647887323943662,0.812274368231047,0.289156626506024,0.00583657587548638],[0.0775193798449612,0.0819672131147541,0.418604651162791,0.05,0.0512820512820513,0.037037037037037,0.248520710059172,0.151291512915129,0.256880733944954,0,0.0204081632653061,0.111111111111111,0,0,0.078125,0.215686274509804,0.05,0.0449438202247191,0,0.00934579439252336,0.0198019801980198,0.0338983050847458,0.517730496453901,0.0147058823529412,0.365269461077844,0.07,0.408450704225352,0.0810810810810811,0.0795454545454545,0.0875912408759124,0.0625,0.169811320754717,0.336283185840708,0.0321637426900585,0.0819672131147541,0.0409556313993174,0.60655737704918,0.0154241645244216,0,0.0104384133611691],[0.0285714285714286,0.0277777777777778,0.0357142857142857,0.0181818181818182,0,0,0.339285714285714,0.0408163265306122,0.144736842105263,0.0204081632653061,0,0.0632183908045977,0,0,0,0.151898734177215,0.2,0,0,0.024390243902439,0.0526315789473684,0,0.0775862068965517,0,0.169014084507042,0.0133333333333333,0.152173913043478,0,0.00662251655629139,0.0282258064516129,0,0.037037037037037,0.0930232558139535,0.0062111801242236,0,0.0112359550561798,0.0555555555555556,0.0192307692307692,0,0],[0.189922480620155,0.0789473684210526,0.102150537634409,0.0704225352112676,0.0663507109004739,0.0483870967741935,0.482905982905983,1.09405940594059,0.572254335260116,0.111111111111111,0.0632183908045977,0,0.0909090909090909,0.0170454545454545,0.0253807106598985,0.324444444444444,0.207253886010363,0.107142857142857,0.0110497237569061,0.104166666666667,0.832214765100671,0.0572916666666667,0.349206349206349,0.0646766169154229,0.393333333333333,0.149779735682819,0.2,0.00581395348837209,0.0841423948220065,0.201511335012594,0.074235807860262,0.213973799126638,0.341232227488152,0.0528541226215645,0.222707423580786,0.150234741784038,0.275675675675676,2,0.0939226519337017,0.0816993464052288],[0.10655737704918,0.153846153846154,0.0227272727272727,0.132352941176471,0.0144927536231884,0.133333333333333,0.176829268292683,0.194656488549618,0.39,0,0,0.0909090909090909,0,0,0.0363636363636364,0.242105263157895,0,0.0853658536585366,0,0,0.0326086956521739,0.02,0.411764705882353,0,0.392405063291139,0.0769230769230769,0.0645161290322581,0,0.0359281437125748,0.108614232209738,0.0114942528735632,0.216494845360825,0.384615384615385,0.0236686390532544,0.0707964601769911,0.0176056338028169,0.442307692307692,0.0722222222222222,0.0512820512820513,0.00425531914893617],[0.04,0.0666666666666667,0.0454545454545455,0,0.0212765957446809,0.0434782608695652,0.028169014084507,0.0333333333333333,0.148648648648649,0,0,0.0170454545454545,0,0,0.0606060606060606,0.0821917808219178,0,0.0166666666666667,0,0,0.072463768115942,0.0357142857142857,0.105263157894737,0,0.110294117647059,0.0289855072463768,0.15,0,1.20289855072464,0.036734693877551,0,0.0266666666666667,0.0975609756097561,0.0158227848101266,0.010989010989011,0.0114503816793893,0.166666666666667,0.00279329608938547,0,0.00223214285714286],[1.35185185185185,0.0784313725490196,0.13953488372093,0.184615384615385,0.0294117647058824,0.0681818181818182,0.0674846625766871,0.0804597701149425,0.0606060606060606,0.078125,0,0.0253807106598985,0.0363636363636364,0.0606060606060606,0,0.322222222222222,0.12,0.0632911392405063,0.0263157894736842,0.288659793814433,0.224719101123595,0.0408163265306122,0.214814814814815,0.0344827586206897,0.229299363057325,0.0777777777777778,0.34,0.0344827586206897,0.0662650602409639,0.226890756302521,0.0930232558139535,0.0520833333333333,0.295454545454545,0.0385756676557863,0.0625,0.0459363957597173,0.117647058823529,0.0529100529100529,0.105263157894737,0.0191897654584222],[0.483660130718954,0.244186046511628,0.192771084337349,0.390909090909091,0.283018867924528,0.166666666666667,0.434343434343434,0.192691029900332,0.244604316546763,0.215686274509804,0.151898734177215,0.324444444444444,0.242105263157895,0.0821917808219178,0.322222222222222,0,0.433333333333333,0.523364485981308,0.217948717948718,0.284671532846715,0.954198473282443,0.277777777777778,0.209302325581395,0.705882352941177,1.07766990291262,0.469230769230769,0.737373737373737,0.0869565217391304,0.189320388349515,0.409836065573771,0.16260162601626,0.235294117647059,0.231884057971014,0.177718832891247,0.355263157894737,0.302180685358255,0.0989010989010989,0.513715710723192,0.564102564102564,0.106090373280943],[0.0598290598290598,0.0638297872340425,0.153846153846154,0.0606060606060606,0.34375,0.025,0.141935483870968,0.163424124513619,0.493506493506494,0.05,0.2,0.207253886010363,0,0,0.12,0.433333333333333,0,0.0779220779220779,0,0,0.333333333333333,0.444444444444444,0.274809160305344,0.0185185185185185,0.202614379084967,0.0581395348837209,0.181818181818182,0,0.111111111111111,0.0305343511450382,0.365853658536585,0.119565217391304,0.171717171717172,0.262839879154079,0.547169811320755,0.021505376344086,0.574468085106383,0.185483870967742,0,0.150537634408602],[0.105633802816901,0.184210526315789,0.242857142857143,0.241379310344828,0.0105263157894737,0,0.123655913978495,0.217391304347826,0.425742574257426,0.0449438202247191,0,0.107142857142857,0.0853658536585366,0.0166666666666667,0.0632911392405063,0.523364485981308,0.0779220779220779,0,0,0.0403225806451613,0.342342342342342,0.246153846153846,0.478260869565217,0.0481927710843374,0.358695652173913,0.213675213675214,0.19047619047619,0,0.0259067357512953,0.146341463414634,0.0442477876106195,0.146341463414634,0.435897435897436,0.0275482093663912,0.0215827338129496,0.231939163498099,0.266666666666667,0.0738916256157636,0.0461538461538462,0.0161290322580645],[0.019047619047619,0.0606060606060606,0.037037037037037,0.0188679245283019,0,0.0357142857142857,0.0204081632653061,0.0204081632653061,0.0240963855421687,0,0,0.0110497237569061,0,0,0.0263157894736842,0.217948717948718,0,0,0,0.0123456790123457,0.0133333333333333,0,0.134453781512605,0.0476190476190476,0.191489361702128,0.027027027027027,0,0,0.00666666666666667,0.0201612903225806,0,0.0125,0.0229885057471264,0.00623052959501558,0.0625,0.00749063670411985,0.0285714285714286,0,0,0.0022075055187638],[0.343949044585987,0.074468085106383,1.33333333333333,0.106194690265487,0.225225225225225,0.0229885057471264,0.223300970873786,0.211221122112211,0.267605633802817,0.00934579439252336,0.024390243902439,0.104166666666667,0,0,0.288659793814433,0.284671532846715,0,0.0403225806451613,0.0123456790123457,0,0.0827067669172932,0.25,0.314606741573034,0.0495049504950495,0.37,0.12781954887218,0.153846153846154,0.0138888888888889,0.374301675977654,0.134868421052632,0.186046511627907,0.155555555555556,0.315068493150685,0.0289473684210526,0.103225806451613,0.0679012345679012,0.638297872340426,0.0260663507109005,0,0.046875],[0.235294117647059,0.0681818181818182,0.26027397260274,0.130841121495327,0.219047619047619,0.0246913580246914,0.455,0.621513944223108,0.736842105263158,0.0198019801980198,0.0526315789473684,0.832214765100671,0.0326086956521739,0.072463768115942,0.224719101123595,0.954198473282443,0.333333333333333,0.342342342342342,0.0133333333333333,0.0827067669172932,0,0.22093023255814,1.08088235294118,0.0947368421052632,0.95360824742268,0.815789473684211,0.326530612244898,0,0.231527093596059,0.606060606060606,0.163793103448276,0.396825396825397,1.37254901960784,0.0805555555555556,0.255474452554745,0.210862619808307,0.886363636363636,0.728346456692913,0.186666666666667,0.041501976284585],[0.0344827586206897,0.0869565217391304,0.0789473684210526,0.0307692307692308,0.297872340425532,0.0512820512820513,0.0189873417721519,0.04296875,0.0425531914893617,0.0338983050847458,0,0.0572916666666667,0.02,0.0357142857142857,0.0408163265306122,0.277777777777778,0.444444444444444,0.246153846153846,0,0.25,0.22093023255814,0,0.0692307692307692,0.132075471698113,0.148936170212766,0.223529411764706,0.0178571428571429,0.25,0.0434782608695652,0.0727969348659004,0.0987654320987654,0.021978021978022,0.0204081632653061,0.0421686746987952,0.102803738317757,0.039568345323741,0.152173913043478,0.0935828877005348,0.242424242424242,0.173913043478261],[0.518716577540107,0.369747899159664,0.288135593220339,1.5,0.0134228187919463,0.08,1.10077519379845,0.629787234042553,1.41573033707865,0.517730496453901,0.0775862068965517,0.349206349206349,0.411764705882353,0.105263157894737,0.214814814814815,0.209302325581395,0.274809160305344,0.478260869565217,0.134453781512605,0.314606741573034,1.08088235294118,0.0692307692307692,0,0.116788321167883,0.396825396825397,0.583892617449664,0.36231884057971,0.0545454545454545,0.280851063829787,1.18840579710145,0.16875,1.25287356321839,1.14150943396226,0.206388206388206,0.277486910994764,0.425714285714286,0.666666666666667,0.372549019607843,0.201680672268908,0.0145454545454545],[0,0,0,0.0895522388059701,0.0972222222222222,0,0.0242424242424242,0.0339622641509434,0.0194174757281553,0.0147058823529412,0,0.0646766169154229,0,0,0.0344827586206897,0.705882352941177,0.0185185185185185,0.0481927710843374,0.0476190476190476,0.0495049504950495,0.0947368421052632,0.132075471698113,0.116788321167883,0,0.254658385093168,0.0434782608695652,0.0769230769230769,0,0.0176470588235294,0.0148148148148148,0.122222222222222,0.01,0,0.0117302052785924,0.00862068965517241,0.00696864111498258,0.0909090909090909,0.0391644908616188,0,0.0692640692640693],[0.549107142857143,0.175324675324675,0.102739726027397,0.410404624277457,0.0818713450292398,0.234042553191489,0.799126637554585,0.39202657807309,0.377777777777778,0.365269461077844,0.169014084507042,0.393333333333333,0.392405063291139,0.110294117647059,0.229299363057325,1.07766990291262,0.202614379084967,0.358695652173913,0.191489361702128,0.37,0.95360824742268,0.148936170212766,0.396825396825397,0.254658385093168,0,0.357512953367876,0.633540372670807,0.0984848484848485,0.237918215613383,0.761006289308176,0.0899470899470899,0.315217391304348,0.32967032967033,0.227790432801822,0.411214953271028,0.471502590673575,0.125874125874126,0.620331950207469,0.439716312056738,0.0576923076923077],[0.113333333333333,0.109756097560976,0.211267605633803,0.0943396226415094,0.192307692307692,0.0375,0.180904522613065,0.328185328185328,0.440677966101695,0.07,0.0133333333333333,0.149779735682819,0.0769230769230769,0.0289855072463768,0.0777777777777778,0.469230769230769,0.0581395348837209,0.213675213675214,0.027027027027027,0.12781954887218,0.815789473684211,0.223529411764706,0.583892617449664,0.0434782608695652,0.357512953367876,0,0.22680412371134,0.0307692307692308,0.103960396039604,0.361788617886179,0.274336283185841,0.265151515151515,1.07228915662651,0.157142857142857,0.198529411764706,0.163398692810458,0.689655172413793,0.115196078431373,0.0135135135135135,0.126732673267327],[0.17741935483871,0.235294117647059,0.1,0.225352112676056,0.0133333333333333,0.117647058823529,0.294117647058824,0.234126984126984,0.307692307692308,0.408450704225352,0.152173913043478,0.2,0.0645161290322581,0.15,0.34,0.737373737373737,0.181818181818182,0.19047619047619,0,0.153846153846154,0.326530612244898,0.0178571428571429,0.36231884057971,0.0769230769230769,0.633540372670807,0.22680412371134,0,0,0.127167630057803,0.252747252747253,0.0769230769230769,0.214285714285714,0.254901960784314,0.0697674418604651,0.134453781512605,0.121428571428571,0.189655172413793,0.158311345646438,0.155555555555556,0.0252100840336134],[0.03125,0.0384615384615385,0.125,0,0.13953488372093,0.0526315789473684,0.0144927536231884,0.0169491525423729,0.0540540540540541,0.0810810810810811,0,0.00581395348837209,0,0,0.0344827586206897,0.0869565217391304,0,0,0,0.0138888888888889,0,0.25,0.0545454545454545,0,0.0984848484848485,0.0307692307692308,0,0,0.049645390070922,0.012448132780083,0.114754098360656,0.028169014084507,0.0512820512820513,0.00320512820512821,0.0114942528735632,0,0.423076923076923,0.00282485875706215,0,0.0157657657657658],[0.142857142857143,0.110429447852761,0.0649350649350649,0.111111111111111,0.0333333333333333,0.0641025641025641,0.116363636363636,0.109919571045576,0.8984375,0.0795454545454545,0.00662251655629139,0.0841423948220065,0.0359281437125748,1.20289855072464,0.0662650602409639,0.189320388349515,0.111111111111111,0.0259067357512953,0.00666666666666667,0.374301675977654,0.231527093596059,0.0434782608695652,0.280851063829787,0.0176470588235294,0.237918215613383,0.103960396039604,0.127167630057803,0.049645390070922,0,0.191256830601093,0.0353535353535354,0.100961538461538,0.121495327102804,0.0977272727272727,0.0982142857142857,0.0634517766497462,0.184931506849315,0.10183299389002,0.0666666666666667,0.0602409638554217],[0.252459016393443,0.139344262295082,0.0745098039215686,0.193181818181818,0.0785714285714286,0.0313725490196078,0.463414634146341,0.703821656050955,0.622448979591837,0.0875912408759124,0.0282258064516129,0.201511335012594,0.108614232209738,0.036734693877551,0.226890756302521,0.409836065573771,0.0305343511450382,0.146341463414634,0.0201612903225806,0.134868421052632,0.606060606060606,0.0727969348659004,1.18840579710145,0.0148148148148148,0.761006289308176,0.361788617886179,0.252747252747253,0.012448132780083,0.191256830601093,0,0.0738255033557047,0.329268292682927,0.766666666666667,0.091254752851711,0.14,0.189690721649485,0.555023923444976,0.154905335628227,0.032,0.0279001468428781],[0.0472972972972973,0.036144578313253,0.161764705882353,0.0588235294117647,0.16,0.0131578947368421,0.0564102564102564,0.117647058823529,0.108527131782946,0.0625,0,0.074235807860262,0.0114942528735632,0,0.0930232558139535,0.16260162601626,0.365853658536585,0.0442477876106195,0,0.186046511627907,0.163793103448276,0.0987654320987654,0.16875,0.122222222222222,0.0899470899470899,0.274336283185841,0.0769230769230769,0.114754098360656,0.0353535353535354,0.0738255033557047,0,0.0813008130081301,0.177966101694915,0.0623306233062331,0.125,0.0973154362416107,0.180722891566265,0.144702842377261,0.0857142857142857,0.183884297520661],[0.171779141104294,0.348837209302326,0.117647058823529,0.421052631578947,0.00909090909090909,0.0581395348837209,0.553333333333333,0.493023255813954,0.534653465346535,0.169811320754717,0.037037037037037,0.213973799126638,0.216494845360825,0.0266666666666667,0.0520833333333333,0.235294117647059,0.119565217391304,0.146341463414634,0.0125,0.155555555555556,0.396825396825397,0.021978021978022,1.25287356321839,0.01,0.315217391304348,0.265151515151515,0.214285714285714,0.028169014084507,0.100961538461538,0.329268292682927,0.0813008130081301,0,0.631067961165049,0.0913978494623656,0.168831168831169,0.181528662420382,0.386666666666667,0.167064439140811,0.075,0],[0.450704225352113,0.318681318681319,0.444444444444444,0.426086956521739,0.0256410256410256,0.0860215053763441,0.528301886792453,1.84466019417476,1.42465753424658,0.336283185840708,0.0930232558139535,0.341232227488152,0.384615384615385,0.0975609756097561,0.295454545454545,0.231884057971014,0.171717171717172,0.435897435897436,0.0229885057471264,0.315068493150685,1.37254901960784,0.0204081632653061,1.14150943396226,0,0.32967032967033,1.07228915662651,0.254901960784314,0.0512820512820513,0.121495327102804,0.766666666666667,0.177966101694915,0.631067961165049,0,0.144,0.262068965517241,1.83453237410072,1.13207547169811,0.293556085918854,0.0919540229885057,0.0154440154440154],[0.108247422680412,0.0703363914373089,0.0214723926380368,0.0542857142857143,0.0699708454810496,0.0122324159021407,0.104308390022676,0.152641878669276,0.230113636363636,0.0321637426900585,0.0062111801242236,0.0528541226215645,0.0236686390532544,0.0158227848101266,0.0385756676557863,0.177718832891247,0.262839879154079,0.0275482093663912,0.00623052959501558,0.0289473684210526,0.0805555555555556,0.0421686746987952,0.206388206388206,0.0117302052785924,0.227790432801822,0.157142857142857,0.0697674418604651,0.00320512820512821,0.0977272727272727,0.091254752851711,0.0623306233062331,0.0913978494623656,0.144,0,1.97202797202797,0.0536672629695885,0.12874251497006,0.0849772382397572,0.260726072607261,0.115068493150685],[0.149425287356322,0.087378640776699,0.0495049504950495,0.0625,0.126984126984127,0.0588235294117647,0.180995475113122,0.289855072463768,0.481751824817518,0.0819672131147541,0,0.222707423580786,0.0707964601769911,0.010989010989011,0.0625,0.355263157894737,0.547169811320755,0.0215827338129496,0.0625,0.103225806451613,0.255474452554745,0.102803738317757,0.277486910994764,0.00862068965517241,0.411214953271028,0.198529411764706,0.134453781512605,0.0114942528735632,0.0982142857142857,0.14,0.125,0.168831168831169,0.262068965517241,1.97202797202797,0,0.0645161290322581,0.348623853211009,0.174447174447174,1.23809523809524,0.0627376425855513],[0.133928571428571,0.0785714285714286,1.61320754716981,0.0404040404040404,0.0235690235690236,0.0476190476190476,0.306010928961749,1.04609929078014,0.288025889967638,0.0409556313993174,0.0112359550561798,0.150234741784038,0.0176056338028169,0.0114503816793893,0.0459363957597173,0.302180685358255,0.021505376344086,0.231939163498099,0.00749063670411985,0.0679012345679012,0.210862619808307,0.039568345323741,0.425714285714286,0.00696864111498258,0.471502590673575,0.163398692810458,0.121428571428571,0,0.0634517766497462,0.189690721649485,0.0973154362416107,0.181528662420382,1.83453237410072,0.0536672629695885,0.0645161290322581,0,0.221818181818182,0.095959595959596,0.00749063670411985,0.0114613180515759],[0.347826086956522,0.583333333333333,0.638888888888889,0.537313432835821,0.0461538461538462,0.170731707317073,0.425,0.447916666666667,0.647887323943662,0.60655737704918,0.0555555555555556,0.275675675675676,0.442307692307692,0.166666666666667,0.117647058823529,0.0989010989010989,0.574468085106383,0.266666666666667,0.0285714285714286,0.638297872340426,0.886363636363636,0.152173913043478,0.666666666666667,0.0909090909090909,0.125874125874126,0.689655172413793,0.189655172413793,0.423076923076923,0.184931506849315,0.555023923444976,0.180722891566265,0.386666666666667,1.13207547169811,0.12874251497006,0.348623853211009,0.221818181818182,0,0.284182305630027,0.514285714285714,0.0638766519823789],[0.128805620608899,0.0478723404255319,0.0244565217391304,0.0531645569620253,0.125641025641026,0.0438356164383562,0.278925619834711,1.00884955752212,0.812274368231047,0.0154241645244216,0.0192307692307692,2,0.0722222222222222,0.00279329608938547,0.0529100529100529,0.513715710723192,0.185483870967742,0.0738916256157636,0,0.0260663507109005,0.728346456692913,0.0935828877005348,0.372549019607843,0.0391644908616188,0.620331950207469,0.115196078431373,0.158311345646438,0.00282485875706215,0.10183299389002,0.154905335628227,0.144702842377261,0.167064439140811,0.293556085918854,0.0849772382397572,0.174447174447174,0.095959595959596,0.284182305630027,0,0.0495867768595041,0.0982367758186398],[0.0380952380952381,0.0285714285714286,0,0.037037037037037,0.230769230769231,0.0357142857142857,0.136054421768707,0.0897959183673469,0.289156626506024,0,0,0.0939226519337017,0.0512820512820513,0,0.105263157894737,0.564102564102564,0,0.0461538461538462,0,0,0.186666666666667,0.242424242424242,0.201680672268908,0,0.439716312056738,0.0135135135135135,0.155555555555556,0,0.0666666666666667,0.032,0.0857142857142857,0.075,0.0919540229885057,0.260726072607261,1.23809523809524,0.00749063670411985,0.514285714285714,0.0495867768595041,0,0.0375275938189845],[0.00932835820895522,0.0343347639484979,0.0174672489082969,0.0123711340206186,0.116910229645094,0.0108932461873638,0.0103806228373702,0.0162721893491124,0.00583657587548638,0.0104384133611691,0,0.0816993464052288,0.00425531914893617,0.00223214285714286,0.0191897654584222,0.106090373280943,0.150537634408602,0.0161290322580645,0.0022075055187638,0.046875,0.041501976284585,0.173913043478261,0.0145454545454545,0.0692640692640693,0.0576923076923077,0.126732673267327,0.0252100840336134,0.0157657657657658,0.0602409638554217,0.0279001468428781,0.183884297520661,0,0.0154440154440154,0.115068493150685,0.0627376425855513,0.0114613180515759,0.0638766519823789,0.0982367758186398,0.0375275938189845,0]],"alpha_stroke":1,"sizes":[10,100],"spans":[1,20],"type":"heatmap"}},"layout":{"margin":{"b":40,"l":60,"t":25,"r":10},"xaxis":{"domain":[0,1],"automargin":true,"title":[]},"yaxis":{"domain":[0,1],"automargin":true,"title":[]},"scene":{"zaxis":{"title":[]}},"hovermode":"closest","showlegend":false,"legend":{"yanchor":"top","y":0.5}},"source":"A","config":{"modeBarButtonsToAdd":["hoverclosest","hovercompare"],"showSendToCloud":false},"data":[{"colorbar":{"title":"","ticklen":2,"len":0.5,"lenmode":"fraction","y":1,"yanchor":"top"},"colorscale":[["0","rgba(68,1,84,1)"],["0.0416666666666667","rgba(70,19,97,1)"],["0.0833333333333333","rgba(72,32,111,1)"],["0.125","rgba(71,45,122,1)"],["0.166666666666667","rgba(68,58,128,1)"],["0.208333333333333","rgba(64,70,135,1)"],["0.25","rgba(60,82,138,1)"],["0.291666666666667","rgba(56,93,140,1)"],["0.333333333333333","rgba(49,104,142,1)"],["0.375","rgba(46,114,142,1)"],["0.416666666666667","rgba(42,123,142,1)"],["0.458333333333333","rgba(38,133,141,1)"],["0.5","rgba(37,144,140,1)"],["0.541666666666667","rgba(33,154,138,1)"],["0.583333333333333","rgba(39,164,133,1)"],["0.625","rgba(47,174,127,1)"],["0.666666666666667","rgba(53,183,121,1)"],["0.708333333333333","rgba(79,191,110,1)"],["0.75","rgba(98,199,98,1)"],["0.791666666666667","rgba(119,207,85,1)"],["0.833333333333333","rgba(147,214,70,1)"],["0.875","rgba(172,220,52,1)"],["0.916666666666667","rgba(199,225,42,1)"],["0.958333333333333","rgba(226,228,40,1)"],["1","rgba(253,231,37,1)"]],"showscale":true,"x":["Bayesian","ChemPhys","ClinicalTrials","Cluster","Databases","DifferentialEquations","Distributions","Econometrics","Environmetrics","ExperimentalDesign","ExtremeValue","Finance","FunctionalData","Genetics","GraphicalModels","HighPerformanceComputing","Hydrology","MachineLearning","MedicalImaging","MetaAnalysis","MissingData","ModelDeployment","Multivariate","NaturalLanguageProcessing","NumericalMathematics","OfficialStatistics","Optimization","Pharmacokinetics","Phylogenetics","Psychometrics","ReproducibleResearch","Robust","SocialSciences","Spatial","SpatioTemporal","Survival","TeachingStatistics","TimeSeries","Tracking","WebTechnologies"],"y":["Bayesian","ChemPhys","ClinicalTrials","Cluster","Databases","DifferentialEquations","Distributions","Econometrics","Environmetrics","ExperimentalDesign","ExtremeValue","Finance","FunctionalData","Genetics","GraphicalModels","HighPerformanceComputing","Hydrology","MachineLearning","MedicalImaging","MetaAnalysis","MissingData","ModelDeployment","Multivariate","NaturalLanguageProcessing","NumericalMathematics","OfficialStatistics","Optimization","Pharmacokinetics","Phylogenetics","Psychometrics","ReproducibleResearch","Robust","SocialSciences","Spatial","SpatioTemporal","Survival","TeachingStatistics","TimeSeries","Tracking","WebTechnologies"],"z":[[0,0.101694915254237,0.141509433962264,0.174603174603175,0.0148148148148148,0.0654205607476635,0.330232558139535,0.26797385620915,0.357615894039735,0.0775193798449612,0.0285714285714286,0.189922480620155,0.10655737704918,0.04,1.35185185185185,0.483660130718954,0.0598290598290598,0.105633802816901,0.019047619047619,0.343949044585987,0.235294117647059,0.0344827586206897,0.518716577540107,0,0.549107142857143,0.113333333333333,0.17741935483871,0.03125,0.142857142857143,0.252459016393443,0.0472972972972973,0.171779141104294,0.450704225352113,0.108247422680412,0.149425287356322,0.133928571428571,0.347826086956522,0.128805620608899,0.0380952380952381,0.00932835820895522],[0.101694915254237,0,0.25,0.184615384615385,0.0769230769230769,0.175,0.158227848101266,0.146938775510204,0.352272727272727,0.0819672131147541,0.0277777777777778,0.0789473684210526,0.153846153846154,0.0666666666666667,0.0784313725490196,0.244186046511628,0.0638297872340425,0.184210526315789,0.0606060606060606,0.074468085106383,0.0681818181818182,0.0869565217391304,0.369747899159664,0,0.175324675324675,0.109756097560976,0.235294117647059,0.0384615384615385,0.110429447852761,0.139344262295082,0.036144578313253,0.348837209302326,0.318681318681319,0.0703363914373089,0.087378640776699,0.0785714285714286,0.583333333333333,0.0478723404255319,0.0285714285714286,0.0343347639484979],[0.141509433962264,0.25,0,0.11864406779661,0.0526315789473684,0.0303030303030303,0.177631578947368,0.143478260869565,0.159090909090909,0.418604651162791,0.0357142857142857,0.102150537634409,0.0227272727272727,0.0454545454545455,0.13953488372093,0.192771084337349,0.153846153846154,0.242857142857143,0.037037037037037,1.33333333333333,0.26027397260274,0.0789473684210526,0.288135593220339,0,0.102739726027397,0.211267605633803,0.1,0.125,0.0649350649350649,0.0745098039215686,0.161764705882353,0.117647058823529,0.444444444444444,0.0214723926380368,0.0495049504950495,1.61320754716981,0.638888888888889,0.0244565217391304,0,0.0174672489082969],[0.174603174603175,0.184615384615385,0.11864406779661,0,0.0238095238095238,0,0.31875,0.155234657039711,0.857142857142857,0.05,0.0181818181818182,0.0704225352112676,0.132352941176471,0,0.184615384615385,0.390909090909091,0.0606060606060606,0.241379310344828,0.0188679245283019,0.106194690265487,0.130841121495327,0.0307692307692308,1.5,0.0895522388059701,0.410404624277457,0.0943396226415094,0.225352112676056,0,0.111111111111111,0.193181818181818,0.0588235294117647,0.421052631578947,0.426086956521739,0.0542857142857143,0.0625,0.0404040404040404,0.537313432835821,0.0531645569620253,0.037037037037037,0.0123711340206186],[0.0148148148148148,0.0769230769230769,0.0526315789473684,0.0238095238095238,0,0.0344827586206897,0.0169491525423729,0.0218181818181818,0.0265486725663717,0.0512820512820513,0,0.0663507109004739,0.0144927536231884,0.0212765957446809,0.0294117647058824,0.283018867924528,0.34375,0.0105263157894737,0,0.2252252252