<!DOCTYPE html>

<html>

<head>

<meta charset="utf-8" />
<meta name="generator" content="pandoc" />
<meta http-equiv="X-UA-Compatible" content="IE=EDGE" />




<title>Figure13</title>

<script src="site_libs/header-attrs-2.11/header-attrs.js"></script>
<script src="site_libs/jquery-3.6.0/jquery-3.6.0.min.js"></script>
<meta name="viewport" content="width=device-width, initial-scale=1" />
<link href="site_libs/bootstrap-3.3.5/css/bootstrap.min.css" rel="stylesheet" />
<script src="site_libs/bootstrap-3.3.5/js/bootstrap.min.js"></script>
<script src="site_libs/bootstrap-3.3.5/shim/html5shiv.min.js"></script>
<script src="site_libs/bootstrap-3.3.5/shim/respond.min.js"></script>
<style>h1 {font-size: 34px;}
       h1.title {font-size: 38px;}
       h2 {font-size: 30px;}
       h3 {font-size: 24px;}
       h4 {font-size: 18px;}
       h5 {font-size: 16px;}
       h6 {font-size: 12px;}
       code {color: inherit; background-color: rgba(0, 0, 0, 0.04);}
       pre:not([class]) { background-color: white }</style>
<script src="site_libs/navigation-1.1/tabsets.js"></script>
<link href="site_libs/highlightjs-9.12.0/default.css" rel="stylesheet" />
<script src="site_libs/highlightjs-9.12.0/highlight.js"></script>
<script src="site_libs/htmlwidgets-1.5.4/htmlwidgets.js"></script>
<script src="site_libs/plotly-binding-4.10.0/plotly.js"></script>
<script src="site_libs/typedarray-0.1/typedarray.min.js"></script>
<link href="site_libs/crosstalk-1.2.0/css/crosstalk.min.css" rel="stylesheet" />
<script src="site_libs/crosstalk-1.2.0/js/crosstalk.min.js"></script>
<link href="site_libs/plotly-htmlwidgets-css-2.5.1/plotly-htmlwidgets.css" rel="stylesheet" />
<script src="site_libs/plotly-main-2.5.1/plotly-latest.min.js"></script>

<style type="text/css">
  code{white-space: pre-wrap;}
  span.smallcaps{font-variant: small-caps;}
  span.underline{text-decoration: underline;}
  div.column{display: inline-block; vertical-align: top; width: 50%;}
  div.hanging-indent{margin-left: 1.5em; text-indent: -1.5em;}
  ul.task-list{list-style: none;}
    </style>

<style type="text/css">code{white-space: pre;}</style>
<script type="text/javascript">
if (window.hljs) {
  hljs.configure({languages: []});
  hljs.initHighlightingOnLoad();
  if (document.readyState && document.readyState === "complete") {
    window.setTimeout(function() { hljs.initHighlighting(); }, 0);
  }
}
</script>








<style type = "text/css">
.main-container {
  max-width: 940px;
  margin-left: auto;
  margin-right: auto;
}
img {
  max-width:100%;
}
.tabbed-pane {
  padding-top: 12px;
}
.html-widget {
  margin-bottom: 20px;
}
button.code-folding-btn:focus {
  outline: none;
}
summary {
  display: list-item;
}
pre code {
  padding: 0;
}
</style>


<style type="text/css">
.dropdown-submenu {
  position: relative;
}
.dropdown-submenu>.dropdown-menu {
  top: 0;
  left: 100%;
  margin-top: -6px;
  margin-left: -1px;
  border-radius: 0 6px 6px 6px;
}
.dropdown-submenu:hover>.dropdown-menu {
  display: block;
}
.dropdown-submenu>a:after {
  display: block;
  content: " ";
  float: right;
  width: 0;
  height: 0;
  border-color: transparent;
  border-style: solid;
  border-width: 5px 0 5px 5px;
  border-left-color: #cccccc;
  margin-top: 5px;
  margin-right: -10px;
}
.dropdown-submenu:hover>a:after {
  border-left-color: #adb5bd;
}
.dropdown-submenu.pull-left {
  float: none;
}
.dropdown-submenu.pull-left>.dropdown-menu {
  left: -100%;
  margin-left: 10px;
  border-radius: 6px 0 6px 6px;
}
</style>

<script type="text/javascript">
// manage active state of menu based on current page
$(document).ready(function () {
  // active menu anchor
  href = window.location.pathname
  href = href.substr(href.lastIndexOf('/') + 1)
  if (href === "")
    href = "index.html";
  var menuAnchor = $('a[href="' + href + '"]');

  // mark it active
  menuAnchor.tab('show');

  // if it's got a parent navbar menu mark it active as well
  menuAnchor.closest('li.dropdown').addClass('active');

  // Navbar adjustments
  var navHeight = $(".navbar").first().height() + 15;
  var style = document.createElement('style');
  var pt = "padding-top: " + navHeight + "px; ";
  var mt = "margin-top: -" + navHeight + "px; ";
  var css = "";
  // offset scroll position for anchor links (for fixed navbar)
  for (var i = 1; i <= 6; i++) {
    css += ".section h" + i + "{ " + pt + mt + "}\n";
  }
  style.innerHTML = "body {" + pt + "padding-bottom: 40px; }\n" + css;
  document.head.appendChild(style);
});
</script>

<!-- tabsets -->

<style type="text/css">
.tabset-dropdown > .nav-tabs {
  display: inline-table;
  max-height: 500px;
  min-height: 44px;
  overflow-y: auto;
  border: 1px solid #ddd;
  border-radius: 4px;
}

.tabset-dropdown > .nav-tabs > li.active:before {
  content: "";
  font-family: 'Glyphicons Halflings';
  display: inline-block;
  padding: 10px;
  border-right: 1px solid #ddd;
}

.tabset-dropdown > .nav-tabs.nav-tabs-open > li.active:before {
  content: "&#xe258;";
  border: none;
}

.tabset-dropdown > .nav-tabs.nav-tabs-open:before {
  content: "";
  font-family: 'Glyphicons Halflings';
  display: inline-block;
  padding: 10px;
  border-right: 1px solid #ddd;
}

.tabset-dropdown > .nav-tabs > li.active {
  display: block;
}

.tabset-dropdown > .nav-tabs > li > a,
.tabset-dropdown > .nav-tabs > li > a:focus,
.tabset-dropdown > .nav-tabs > li > a:hover {
  border: none;
  display: inline-block;
  border-radius: 4px;
  background-color: transparent;
}

.tabset-dropdown > .nav-tabs.nav-tabs-open > li {
  display: block;
  float: none;
}

.tabset-dropdown > .nav-tabs > li {
  display: none;
}
</style>

<!-- code folding -->




</head>

<body>


<div class="container-fluid main-container">




<div class="navbar navbar-default  navbar-fixed-top" role="navigation">
  <div class="container">
    <div class="navbar-header">
      <button type="button" class="navbar-toggle collapsed" data-toggle="collapse" data-target="#navbar">
        <span class="icon-bar"></span>
        <span class="icon-bar"></span>
        <span class="icon-bar"></span>
      </button>
      <a class="navbar-brand" href="index.html">Dissertation Figures</a>
    </div>
    <div id="navbar" class="navbar-collapse collapse">
      <ul class="nav navbar-nav">
        <li>
  <a href="Figure1.html">Figure 1</a>
</li>
<li>
  <a href="Figure2.html">Figure 2</a>
</li>
<li>
  <a href="Figure3.html">Figure 3</a>
</li>
<li>
  <a href="Figure5.html">Figure 5</a>
</li>
<li>
  <a href="Figure7.html">Figure 7</a>
</li>
<li>
  <a href="Figure8.html">Figure 8</a>
</li>
<li>
  <a href="Figure9.html">Figure 9</a>
</li>
<li>
  <a href="Figure10.html">Figure 10</a>
</li>
<li>
  <a href="Figure12.html">Figure 12</a>
</li>
<li>
  <a href="Figure13.html">Figure 13</a>
</li>
      </ul>
      <ul class="nav navbar-nav navbar-right">
        
      </ul>
    </div><!--/.nav-collapse -->
  </div><!--/.container -->
</div><!--/.navbar -->

<div id="header">



<h1 class="title toc-ignore">Figure13</h1>

</div>


<div id="htmlwidget-bf752fd282591eb9f935" style="width:960px;height:960px;" class="plotly html-widget"></div>
<script type="application/json" data-for="htmlwidget-bf752fd282591eb9f935">{"x":{"visdat":{"35b07c4368f7":["function () ","plotlyVisDat"]},"cur_data":"35b07c4368f7","attrs":{"35b07c4368f7":{"x":["Bayesian","ChemPhys","ClinicalTrials","Cluster","Databases","DifferentialEquations","Distributions","Econometrics","Environmetrics","ExperimentalDesign","ExtremeValue","Finance","FunctionalData","GraphicalModels","HighPerformanceComputing","Hydrology","MachineLearning","MedicalImaging","MetaAnalysis","MissingData","ModelDeployment","NaturalLanguageProcessing","NumericalMathematics","OfficialStatistics","Optimization","Pharmacokinetics","Psychometrics","ReproducibleResearch","Robust","Spatial","SpatioTemporal","Survival","TeachingStatistics","TimeSeries","Tracking","WebTechnologies"],"y":["Bayesian","ChemPhys","ClinicalTrials","Cluster","Databases","DifferentialEquations","Distributions","Econometrics","Environmetrics","ExperimentalDesign","ExtremeValue","Finance","FunctionalData","GraphicalModels","HighPerformanceComputing","Hydrology","MachineLearning","MedicalImaging","MetaAnalysis","MissingData","ModelDeployment","NaturalLanguageProcessing","NumericalMathematics","OfficialStatistics","Optimization","Pharmacokinetics","Psychometrics","ReproducibleResearch","Robust","Spatial","SpatioTemporal","Survival","TeachingStatistics","TimeSeries","Tracking","WebTechnologies"],"z":[[0,0.0526968771419992,0.138065891448625,0.186324948228068,0.0213123489694861,0.0392403072553508,0.0938745465313691,0.154265651621153,0.126623807719261,0.0933246978596778,0.0363607919932713,0.0972974835083679,0.0535330383762491,0.213115388395887,0.0805883557288863,0.0550787367638012,0.133942635721237,0.0743452007713165,0.185001733433668,0.113425322494678,0.0453780519843233,0.0373878740781519,0.070704722430209,0.0823331230153761,0.0605120430822844,0.0475074135681561,0.113031637930265,0.0247413067587061,0.0723972148898827,0.0971286083616438,0.100414666043569,0.0954310703099525,0.0727702153690731,0.146493203502344,0.054923602811416,0.0337627118720134],[0.0526968771419992,0,0.0332733647663201,0.0720343884269047,0.0390753224705676,0.0403358897104598,0.0155245771422829,0.0575411886282719,0.0846846451922057,0.0607591302855403,0.0101353720874632,0.0318821145327946,0.0568520567473168,0.0331305747899853,0.0316238596540087,0.0772454970250643,0.0506713980365752,0.0829220227639516,0.044932229616307,0.0520839444625838,0.0337342759325266,0.0373324484788733,0.0525897703994963,0.0554760868636001,0.0496343369894502,0.0285615950102536,0.0408356429520628,0.0365458996546578,0.0436165788547772,0.0670871109401604,0.0703105971069516,0.0214657127165613,0.0493612667441547,0.0578100109889249,0.041871514874472,0.0437144511804268],[0.138065891448625,0.0332733647663201,0,0.043737831838853,0.0106355995621014,0.0198307840633513,0.0290621377483199,0.062832199580448,0.0520264064421725,0.266906747219435,0.00712790232554015,0.033647814827858,0.0200450170313753,0.0369959399471433,0.0286900629946531,0.0306554466186573,0.0423359154776805,0.0355159330820934,0.171843788231004,0.0872616904485235,0.0227416626942307,0.0237677570774645,0.0353125622341466,0.0728834012839653,0.0363770816299962,0.199521303359924,0.0442570436164366,0.024873441113534,0.030583348315983,0.0393025569351082,0.0378556234492708,0.0661930681169947,0.0342691663986342,0.0324969495725508,0.0249664329419527,0.016965924632136],[0.186324948228068,0.0720343884269047,0.043737831838853,0,0.0147194026073152,0.0204678012538336,0.0903422240672,0.0862698856965193,0.167137239940584,0.0635115946602475,0.0233267853540324,0.0407653706573138,0.165273568192828,0.0999017720355656,0.0553153715837051,0.0355920768493429,0.106553744004059,0.0591776013416979,0.0984661231863236,0.0845896909690859,0.0269083922311939,0.0459853177008621,0.0567644090150066,0.0835041331682755,0.0643150957938681,0.01548749420866,0.114023068865524,0.0258652552188369,0.0702990226510853,0.0636920817698235,0.0619613587488835,0.0713693053722741,0.0299879586731634,0.08790522638574,0.0348307854078692,0.0215465158878345],[0.0213123489694861,0.0390753224705676,0.0106355995621014,0.0147194026073152,0,0.0100657777985344,0.00239870188567529,0.0172596540980179,0.0184820563596487,0.0146126329105141,0.00178780238968678,0.0347986614677311,0.00545946206254831,0.0244449401874183,0.077223359575353,0.0399347235504568,0.0134802896866678,0.0227943790204057,0.024858272645366,0.0147833376257861,0.133057969313888,0.0364313508850564,0.0237902684954189,0.0485639442635467,0.0182573017306606,0.0116347343626616,0.010406087006664,0.0490264695123797,0.0167087116341649,0.0650235714065945,0.0217274578045512,0.0075478623869736,0.0148031614288874,0.0349650499787223,0.0184882271092791,0.138212615912922],[0.0392403072553508,0.0403358897104598,0.0198307840633513,0.0204678012538336,0.0100657777985344,0,0.00787574549728517,0.0334272218687597,0.0249626644397467,0.0182690619632609,0.0026586158601779,0.0256965948083469,0.00897574863742301,0.0174073382199747,0.0255177138054779,0.0160243104893574,0.0161062503348534,0.0137074775948321,0.0160506921355614,0.0126719696830295,0.0136146898371118,0.0183576388075144,0.129800398787269,0.019693000381236,0.171305696373528,0.0140670143855058,0.0201249962316483,0.0159025548555485,0.0114091365908081,0.0174343425062974,0.0163913097343091,0.00746351217045655,0.0116327651970773,0.0212271535124015,0.0116773348652455,0.00973072453942658],[0.0938745465313691,0.0155245771422829,0.0290621377483199,0.0903422240672,0.00239870188567529,0.00787574549728517,0,0.0561219707009301,0.0418315646255069,0.0444316203619008,0.0497477623827645,0.0291398814437675,0.00953094307771413,0.116021314651004,0.0141919004354609,0.0112749955445301,0.0227830026831816,0.0245251812391327,0.060616454186833,0.0225485064971254,0.0047699230449812,0.0134540153329529,0.0508116490662129,0.0258300334228424,0.016367974169801,0.00509718505466081,0.0317043086584666,0.00398721752441537,0.0299157332914555,0.0136385869783519,0.0148979093190469,0.0462078258350502,0.0381268021201146,0.0260371128146452,0.0059124510152097,0.00577873323976118],[0.154265651621153,0.0575411886282719,0.062832199580448,0.0862698856965193,0.0172596540980179,0.0334272218687597,0.0561219707009301,0,0.127812577901206,0.0797013670609842,0.0208487354771457,0.0901063211880892,0.0327986009192088,0.0533976248461722,0.0420314686580152,0.050752285575566,0.083584314985855,0.0315841318436995,0.0916840741339309,0.0672866690064997,0.0315265019679853,0.0322260120433379,0.0588759623144552,0.0983874189126577,0.0787381814224083,0.0195360344135151,0.0713597650217431,0.0212737949972276,0.114519073093681,0.103634936040723,0.0790187163624318,0.143917355281546,0.0525962839699325,0.175397329318676,0.0307154515800996,0.0288707205549934],[0.126623807719261,0.0846846451922057,0.0520264064421725,0.167137239940584,0.0184820563596487,0.0249626644397467,0.0418315646255069,0.127812577901206,0,0.0917200824585551,0.0364942170233255,0.0472095001965851,0.0616311085265318,0.0599836704886287,0.0553288747834706,0.1806794011186,0.131799146100809,0.0387159491035685,0.0764189910236918,0.0597077669840368,0.0329543541418041,0.0565299206304928,0.06244452077086,0.087695375326354,0.0504462755537834,0.0231699412650061,0.0887397241410421,0.0281834755582762,0.0795876073478943,0.115533602064549,0.125312049145375,0.0646259094604155,0.122672236150192,0.121371001687202,0.0604297286586228,0.0312780709189578],[0.0933246978596778,0.0607591302855403,0.266906747219435,0.0635115946602475,0.0146126329105141,0.0182690619632609,0.0444316203619008,0.0797013670609842,0.0917200824585551,0,0.0156937082485096,0.0458114584527321,0.0187826275464349,0.0556306333549508,0.0492902486043765,0.0449681673857459,0.0463169418549057,0.0394948269802185,0.105642495891729,0.0496568258583231,0.0301995839110793,0.030986512208584,0.0502964724445625,0.0770403776034105,0.0659233684633966,0.0497297515396668,0.0463726008524393,0.0280184806213785,0.0479321896572722,0.055936913658728,0.0520630775877292,0.0293793899526432,0.180529397420827,0.0349984545708349,0.028658938163483,0.0407900160124876],[0.0363607919932713,0.0101353720874632,0.00712790232554015,0.0233267853540324,0.00178780238968678,0.0026586158601779,0.0497477623827645,0.0208487354771457,0.0364942170233255,0.0156937082485096,0,0.0217553037408704,0.00932960761776812,0.0157298838143287,0.00703952983486022,0.0141617220619406,0.0101465535712516,0.00560482488217045,0.015339625894827,0.0105560123520166,0.00282173963172378,0.0052067842022552,0.00878721531146628,0.0141108368326896,0.00675494738296263,0.00423918862188176,0.00974793410888817,0.00309726517971606,0.00737366495336709,0.0150867365362259,0.0121423087028041,0.0176227753444508,0.0273549461035418,0.0190338705899258,0.00736278592976198,0.00319392931139161],[0.0972974835083679,0.0318821145327946,0.033647814827858,0.0407653706573138,0.0347986614677311,0.0256965948083469,0.0291398814437675,0.0901063211880892,0.0472095001965851,0.0458114584527321,0.0217553037408704,0,0.0197197298791086,0.0324722380974238,0.0479905801982669,0.0424196437979159,0.0410647669319995,0.0269197776954275,0.0492628096055117,0.0328427523327629,0.0303387669119807,0.025230616374494,0.0527834255753526,0.0764313874545261,0.0489261624088969,0.0165828961832839,0.0315592769543471,0.0211871361441816,0.0354604071268848,0.0495599007353436,0.0369058891055794,0.0592794673648597,0.0286148418971561,0.132833799024525,0.0224900442056113,0.0510824065376921],[0.0535330383762491,0.0568520567473168,0.0200450170313753,0.165273568192828,0.00545946206254831,0.00897574863742301,0.00953094307771413,0.0327986009192088,0.0616311085265318,0.0187826275464349,0.00932960761776812,0.0197197298791086,0,0.0243201202801646,0.0270102300439181,0.0297196916354412,0.0427597418584188,0.100858028964341,0.0272414992435764,0.0245347259400258,0.00947854254290336,0.013621518441451,0.0467381681346369,0.0248259610999504,0.0166891879778564,0.00412494466772348,0.0382905852500742,0.00314510887891781,0.0329905421520688,0.0284313064615073,0.0517806963659888,0.0246124510297477,0.0121919387075091,0.125896631790286,0.0376548480408425,0.0077632524883543],[0.213115388395887,0.0331305747899853,0.0369959399471433,0.0999017720355656,0.0244449401874183,0.0174073382199747,0.116021314651004,0.0533976248461722,0.0599836704886287,0.0556306333549508,0.0157298838143287,0.0324722380974238,0.0243201202801646,0,0.0871043894154223,0.0323643137796557,0.114697265194641,0.0428944893822742,0.090607571980358,0.0519826109152831,0.0585585091452044,0.0296636159904375,0.0504413547128705,0.0484846613560581,0.0598831871235373,0.01890022972854,0.0785213963084572,0.027050260041929,0.0557509956948286,0.061049876275599,0.0509177266128733,0.0362857656376906,0.0475057838875968,0.0771290464852011,0.0275464777382946,0.0442982228330165],[0.0805883557288863,0.0316238596540087,0.0286900629946531,0.0553153715837051,0.077223359575353,0.0255177138054779,0.0141919004354609,0.0420314686580152,0.0553288747834706,0.0492902486043765,0.00703952983486022,0.0479905801982669,0.0270102300439181,0.0871043894154223,0,0.058068123126271,0.0736743549415263,0.0310724575525994,0.0453722979682784,0.0220933212499018,0.12087452794423,0.0431170792314945,0.0573262912995183,0.0526415099152262,0.04632917052478,0.0118094176188955,0.0272783734002297,0.064468135564994,0.0290005832317454,0.0674527587202104,0.0467371013739498,0.0521413470173435,0.0274380045389471,0.0422027085968537,0.0290263305692828,0.0840958058293815],[0.0550787367638012,0.0772454970250643,0.0306554466186573,0.0355920768493429,0.0399347235504568,0.0160243104893574,0.0112749955445301,0.050752285575566,0.1806794011186,0.0449681673857459,0.0141617220619406,0.0424196437979159,0.0297196916354412,0.0323643137796557,0.058068123126271,0,0.02395144615673,0.0296206929918802,0.0357980494599063,0.0374434088952292,0.042424558458857,0.0272844743307941,0.0289716943450698,0.112496078387039,0.0322052954858011,0.016673737794779,0.0275500367380668,0.0371186103489729,0.0266546495139321,0.103407699137908,0.0921912295795461,0.0272898725546495,0.0410487825391264,0.105432421132666,0.0507419520180609,0.0877315909971231],[0.133942635721237,0.0506713980365752,0.0423359154776805,0.106553744004059,0.0134802896866678,0.0161062503348534,0.0227830026831816,0.083584314985855,0.131799146100809,0.0463169418549057,0.0101465535712516,0.0410647669319995,0.0427597418584188,0.114697265194641,0.0736743549415263,0.02395144615673,0,0.0255431748075497,0.108321336407139,0.073458254746833,0.0832328374843705,0.046999932542632,0.0609544051322161,0.0459805433022084,0.0893934211070228,0.0142742240759932,0.0696510793090028,0.0186477337615898,0.0674800013647549,0.0475131180917427,0.0369835472290976,0.121018398509687,0.0388283684430325,0.0584932010686282,0.0238783499580898,0.0302386235195405],[0.0743452007713165,0.0829220227639516,0.0355159330820934,0.0591776013416979,0.0227943790204057,0.0137074775948321,0.0245251812391327,0.0315841318436995,0.0387159491035685,0.0394948269802185,0.00560482488217045,0.0269197776954275,0.100858028964341,0.0428944893822742,0.0310724575525994,0.0296206929918802,0.0255431748075497,0,0.0346902990143429,0.0322369990543278,0.0347962120697704,0.0258755421862753,0.0429077679224148,0.0368118472824143,0.020535614372897,0.0241139755302211,0.0245131143133258,0.0348841717056785,0.0249102432047006,0.0856258544144565,0.0678584571743392,0.0147469687767657,0.0287797689924835,0.051561230421603,0.0674047103811076,0.0552100537452959],[0.185001733433668,0.044932229616307,0.171843788231004,0.0984661231863236,0.024858272645366,0.0160506921355614,0.060616454186833,0.0916840741339309,0.0764189910236918,0.105642495891729,0.015339625894827,0.0492628096055117,0.0272414992435764,0.090607571980358,0.0453722979682784,0.0357980494599063,0.108321336407139,0.0346902990143429,0,0.114117977772968,0.0334898466770924,0.0295125518622859,0.0313757284373352,0.0800226998854528,0.0258926154083982,0.0394365233984569,0.0660098128971718,0.0287244222236507,0.0803341187104614,0.0594754788917642,0.0589671085893889,0.0824711788479571,0.0358004350350798,0.0550648661781218,0.0322305648520571,0.0304283898264246],[0.113425322494678,0.0520839444625838,0.0872616904485235,0.0845896909690859,0.0147833376257861,0.0126719696830295,0.0225485064971254,0.0672866690064997,0.0597077669840368,0.0496568258583231,0.0105560123520166,0.0328427523327629,0.0245347259400258,0.0519826109152831,0.0220933212499018,0.0374434088952292,0.073458254746833,0.0322369990543278,0.114117977772968,0,0.0187094731582196,0.0171052264198955,0.0333709196756788,0.137751462595061,0.0232259244765171,0.028931829324715,0.0728695248503057,0.0109738297452018,0.05654004686391,0.0514650450199816,0.0625909319786761,0.0937818417554365,0.0192202539539542,0.0735308567968183,0.0234291992764013,0.0182572948416182],[0.0453780519843233,0.0337342759325266,0.0227416626942307,0.0269083922311939,0.133057969313888,0.0136146898371118,0.0047699230449812,0.0315265019679853,0.0329543541418041,0.0301995839110793,0.00282173963172378,0.0303387669119807,0.00947854254290336,0.0585585091452044,0.12087452794423,0.042424558458857,0.0832328374843705,0.0347962120697704,0.0334898466770924,0.0187094731582196,0,0.0720056968505451,0.0574821424098037,0.0705638238728299,0.0282055351781752,0.00716250861478875,0.0177080187294908,0.0614992417591512,0.0288064830437505,0.0677742585251272,0.0450195783048129,0.0167321231555808,0.0340060002715714,0.0380467107077264,0.0455136309746904,0.245632431047099],[0.0373878740781519,0.0373324484788733,0.0237677570774645,0.0459853177008621,0.0364313508850564,0.0183576388075144,0.0134540153329529,0.0322260120433379,0.0565299206304928,0.030986512208584,0.0052067842022552,0.025230616374494,0.013621518441451,0.0296636159904375,0.0431170792314945,0.0272844743307941,0.046999932542632,0.0258755421862753,0.0295125518622859,0.0171052264198955,0.0720056968505451,0,0.0363520843816423,0.0438928792675711,0.0231460425257244,0.00890559408323559,0.0351248816065986,0.129617421422017,0.0199936372755328,0.0528462258801929,0.0291383497647967,0.013930044823202,0.0403053919748965,0.0367603472263058,0.0181102835901405,0.156668565650938],[0.070704722430209,0.0525897703994963,0.0353125622341466,0.0567644090150066,0.0237902684954189,0.129800398787269,0.0508116490662129,0.0588759623144552,0.06244452077086,0.0502964724445625,0.00878721531146628,0.0527834255753526,0.0467381681346369,0.0504413547128705,0.0573262912995183,0.0289716943450698,0.0609544051322161,0.0429077679224148,0.0313757284373352,0.0333709196756788,0.0574821424098037,0.0363520843816423,0,0.051895144562175,0.147835491809138,0.0164362814627903,0.034495853949976,0.0340414530562466,0.0404796819866663,0.059682278979419,0.0435770945551753,0.0218610281553323,0.0366403203417329,0.0650501267152495,0.0261761619986525,0.0382140865946378],[0.0823331230153761,0.0554760868636001,0.0728834012839653,0.0835041331682755,0.0485639442635467,0.019693000381236,0.0258300334228424,0.0983874189126577,0.087695375326354,0.0770403776034105,0.0141108368326896,0.0764313874545261,0.0248259610999504,0.0484846613560581,0.0526415099152262,0.112496078387039,0.0459805433022084,0.0368118472824143,0.0800226998854528,0.137751462595061,0.0705638238728299,0.0438928792675711,0.051895144562175,0,0.0466899113279838,0.023815020469038,0.0564859345712349,0.0391509806499013,0.0805960914305812,0.14036610430753,0.0825882784941033,0.0506541598591302,0.0489435560855888,0.0901180814169805,0.0476132843068416,0.106106938141447],[0.0605120430822844,0.0496343369894502,0.0363770816299962,0.0643150957938681,0.0182573017306606,0.171305696373528,0.016367974169801,0.0787381814224083,0.0504462755537834,0.0659233684633966,0.00675494738296263,0.0489261624088969,0.0166891879778564,0.0598831871235373,0.04632917052478,0.0322052954858011,0.0893934211070228,0.020535614372897,0.0258926154083982,0.0232259244765171,0.0282055351781752,0.0231460425257244,0.147835491809138,0.0466899113279838,0,0.0143044723800906,0.0313587889958698,0.0337457967707397,0.0258955537069722,0.0414653812441914,0.0252846442902186,0.0181951963770829,0.0191690072876897,0.0419063559012239,0.0168859066574427,0.0243716504422526],[0.0475074135681561,0.0285615950102536,0.199521303359924,0.01548749420866,0.0116347343626616,0.0140670143855058,0.00509718505466081,0.0195360344135151,0.0231699412650061,0.0497297515396668,0.00423918862188176,0.0165828961832839,0.00412494466772348,0.01890022972854,0.0118094176188955,0.016673737794779,0.0142742240759932,0.0241139755302211,0.0394365233984569,0.028931829324715,0.00716250861478875,0.00890559408323559,0.0164362814627903,0.023815020469038,0.0143044723800906,0,0.0154105883291133,0.0203928314922328,0.0109497382416665,0.01942739320503,0.0258311700136085,0.0111474873302303,0.0129360466717209,0.0114028497601875,0.0143005040301724,0.0103717747178899],[0.113031637930265,0.0408356429520628,0.0442570436164366,0.114023068865524,0.010406087006664,0.0201249962316483,0.0317043086584666,0.0713597650217431,0.0887397241410421,0.0463726008524393,0.00974793410888817,0.0315592769543471,0.0382905852500742,0.0785213963084572,0.0272783734002297,0.0275500367380668,0.0696510793090028,0.0245131143133258,0.0660098128971718,0.0728695248503057,0.0177080187294908,0.0351248816065986,0.034495853949976,0.0564859345712349,0.0313587889958698,0.0154105883291133,0,0.0161054348747845,0.0445108790833848,0.0346510619551787,0.0304067978606151,0.0370452261497545,0.0203466168223164,0.048525408233658,0.0246113630462117,0.0185129289065841],[0.0247413067587061,0.0365458996546578,0.024873441113534,0.0258652552188369,0.0490264695123797,0.0159025548555485,0.00398721752441537,0.0212737949972276,0.0281834755582762,0.0280184806213785,0.00309726517971606,0.0211871361441816,0.00314510887891781,0.027050260041929,0.064468135564994,0.0371186103489729,0.0186477337615898,0.0348841717056785,0.0287244222236507,0.0109738297452018,0.0614992417591512,0.129617421422017,0.0340414530562466,0.0391509806499013,0.0337457967707397,0.0203928314922328,0.0161054348747845,0,0.0179736545522398,0.0683172296734564,0.0278233726966462,0.00681810194385411,0.0608828364395392,0.0386052545646252,0.0321944840694893,0.164479811994478],[0.0723972148898827,0.0436165788547772,0.030583348315983,0.0702990226510853,0.0167087116341649,0.0114091365908081,0.0299157332914555,0.114519073093681,0.0795876073478943,0.0479321896572722,0.00737366495336709,0.0354604071268848,0.0329905421520688,0.0557509956948286,0.0290005832317454,0.0266546495139321,0.0674800013647549,0.0249102432047006,0.0803341187104614,0.05654004686391,0.0288064830437505,0.0199936372755328,0.0404796819866663,0.0805960914305812,0.0258955537069722,0.0109497382416665,0.0445108790833848,0.0179736545522398,0,0.0634339140064531,0.0367902916499437,0.0380409644646099,0.0500941552424469,0.066218675309544,0.03031384352619,0.0149604398654782],[0.0971286083616438,0.0670871109401604,0.0393025569351082,0.0636920817698235,0.0650235714065945,0.0174343425062974,0.0136385869783519,0.103634936040723,0.115533602064549,0.055936913658728,0.0150867365362259,0.0495599007353436,0.0284313064615073,0.061049876275599,0.0674527587202104,0.103407699137908,0.0475131180917427,0.0856258544144565,0.0594754788917642,0.0514650450199816,0.0677742585251272,0.0528462258801929,0.059682278979419,0.14036610430753,0.0414653812441914,0.01942739320503,0.0346510619551787,0.0683172296734564,0.0634339140064531,0,0.161190300709448,0.0437003262546029,0.0427955098697389,0.0855497583799784,0.0725799528949096,0.13531154842481],[0.100414666043569,0.0703105971069516,0.0378556234492708,0.0619613587488835,0.0217274578045512,0.0163913097343091,0.0148979093190469,0.0790187163624318,0.125312049145375,0.0520630775877292,0.0121423087028041,0.0369058891055794,0.0517806963659888,0.0509177266128733,0.0467371013739498,0.0921912295795461,0.0369835472290976,0.0678584571743392,0.0589671085893889,0.0625909319786761,0.0450195783048129,0.0291383497647967,0.0435770945551753,0.0825882784941033,0.0252846442902186,0.0258311700136085,0.0304067978606151,0.0278233726966462,0.0367902916499437,0.161190300709448,0,0.0304071387804346,0.0355369154674842,0.0853596133776306,0.499031452186325,0.0435308961710457],[0.0954310703099525,0.0214657127165613,0.0661930681169947,0.0713693053722741,0.0075478623869736,0.00746351217045655,0.0462078258350502,0.143917355281546,0.0646259094604155,0.0293793899526432,0.0176227753444508,0.0592794673648597,0.0246124510297477,0.0362857656376906,0.0521413470173435,0.0272898725546495,0.121018398509687,0.0147469687767657,0.0824711788479571,0.0937818417554365,0.0167321231555808,0.013930044823202,0.0218610281553323,0.0506541598591302,0.0181951963770829,0.0111474873302303,0.0370452261497545,0.00681810194385411,0.0380409644646099,0.0437003262546029,0.0304071387804346,0,0.0190451988443854,0.0406003147213598,0.0149702818402304,0.00787090861821024],[0.0727702153690731,0.0493612667441547,0.0342691663986342,0.0299879586731634,0.0148031614288874,0.0116327651970773,0.0381268021201146,0.0525962839699325,0.122672236150192,0.180529397420827,0.0273549461035418,0.0286148418971561,0.0121919387075091,0.0475057838875968,0.0274380045389471,0.0410487825391264,0.0388283684430325,0.0287797689924835,0.0358004350350798,0.0192202539539542,0.0340060002715714,0.0403053919748965,0.0366403203417329,0.0489435560855888,0.0191690072876897,0.0129360466717209,0.0203466168223164,0.0608828364395392,0.0500941552424469,0.0427955098697389,0.0355369154674842,0.0190451988443854,0,0.0269458304689745,0.0372118094150241,0.0486622519045429],[0.146493203502344,0.0578100109889249,0.0324969495725508,0.08790522638574,0.0349650499787223,0.0212271535124015,0.0260371128146452,0.175397329318676,0.121371001687202,0.0349984545708349,0.0190338705899258,0.132833799024525,0.125896631790286,0.0771290464852011,0.0422027085968537,0.105432421132666,0.0584932010686282,0.051561230421603,0.0550648661781218,0.0735308567968183,0.0380467107077264,0.0367603472263058,0.0650501267152495,0.0901180814169805,0.0419063559012239,0.0114028497601875,0.048525408233658,0.0386052545646252,0.066218675309544,0.0855497583799784,0.0853596133776306,0.0406003147213598,0.0269458304689745,0,0.0295811327017798,0.0340261906174467],[0.054923602811416,0.041871514874472,0.0249664329419527,0.0348307854078692,0.0184882271092791,0.0116773348652455,0.0059124510152097,0.0307154515800996,0.0604297286586228,0.028658938163483,0.00736278592976198,0.0224900442056113,0.0376548480408425,0.0275464777382946,0.0290263305692828,0.0507419520180609,0.0238783499580898,0.0674047103811076,0.0322305648520571,0.0234291992764013,0.0455136309746904,0.0181102835901405,0.0261761619986525,0.0476132843068416,0.0168859066574427,0.0143005040301724,0.0246113630462117,0.0321944840694893,0.03031384352619,0.0725799528949096,0.499031452186325,0.0149702818402304,0.0372118094150241,0.0295811327017798,0,0.0319000080841671],[0.0337627118720134,0.0437144511804268,0.016965924632136,0.0215465158878345,0.138212615912922,0.00973072453942658,0.00577873323976118,0.0288707205549934,0.0312780709189578,0.0407900160124876,0.00319392931139161,0.0510824065376921,0.0077632524883543,0.0442982228330165,0.0840958058293815,0.0877315909971231,0.0302386235195405,0.0552100537452959,0.0304283898264246,0.0182572948416182,0.245632431047099,0.156668565650938,0.0382140865946378,0.106106938141447,0.0243716504422526,0.0103717747178899,0.0185129289065841,0.164479811994478,0.0149604398654782,0.13531154842481,0.0435308961710457,0.00787090861821024,0.0486622519045429,0.0340261906174467,0.0319000080841671,0]],"alpha_stroke":1,"sizes":[10,100],"spans":[1,20],"type":"heatmap"}},"layout":{"margin":{"b":40,"l":60,"t":25,"r":10},"xaxis":{"domain":[0,1],"automargin":true,"title":[]},"yaxis":{"domain":[0,1],"automargin":true,"title":[]},"scene":{"zaxis":{"title":[]}},"hovermode":"closest","showlegend":false,"legend":{"yanchor":"top","y":0.5}},"source":"A","config":{"modeBarButtonsToAdd":["hoverclosest","hovercompare"],"showSendToCloud":false},"data":[{"colorbar":{"title":"","ticklen":2,"len":0.5,"lenmode":"fraction","y":1,"yanchor":"top"},"colorscale":[["0","rgba(68,1,84,1)"],["0.0416666666666667","rgba(70,19,97,1)"],["0.0833333333333333","rgba(72,32,111,1)"],["0.125","rgba(71,45,122,1)"],["0.166666666666667","rgba(68,58,128,1)"],["0.208333333333333","rgba(64,70,135,1)"],["0.25","rgba(60,82,138,1)"],["0.291666666666667","rgba(56,93,140,1)"],["0.333333333333333","rgba(49,104,142,1)"],["0.375","rgba(46,114,142,1)"],["0.416666666666667","rgba(42,123,142,1)"],["0.458333333333333","rgba(38,133,141,1)"],["0.5","rgba(37,144,140,1)"],["0.541666666666667","rgba(33,154,138,1)"],["0.583333333333333","rgba(39,164,133,1)"],["0.625","rgba(47,174,127,1)"],["0.666666666666667","rgba(53,183,121,1)"],["0.708333333333333","rgba(79,191,110,1)"],["0.75","rgba(98,199,98,1)"],["0.791666666666667","rgba(119,207,85,1)"],["0.833333333333333","rgba(147,214,70,1)"],["0.875","rgba(172,220,52,1)"],["0.916666666666667","rgba(199,225,42,1)"],["0.958333333333333","rgba(226,228,40,1)"],["1","rgba(253,231,37,1)"]],"showscale":true,"x":["Bayesian","ChemPhys","ClinicalTrials","Cluster","Databases","DifferentialEquations","Distributions","Econometrics","Environmetrics","ExperimentalDesign","ExtremeValue","Finance","FunctionalData","GraphicalModels","HighPerformanceComputing","Hydrology","MachineLearning","MedicalImaging","MetaAnalysis","MissingData","ModelDeployment","NaturalLanguageProcessing","NumericalMathematics","OfficialStatistics","Optimization","Pharmacokinetics","Psychometrics","ReproducibleResearch","Robust","Spatial","SpatioTemporal","Survival","TeachingStatistics","TimeSeries","Tracking","WebTechnologies"],"y":["Bayesian","ChemPhys","ClinicalTrials","Cluster","Databases","DifferentialEquations","Distributions","Econometrics","Environmetrics","ExperimentalDesign","ExtremeValue","Finance","FunctionalData","GraphicalModels","HighPerformanceComputing","Hydrology","MachineLearning","MedicalImaging","MetaAnalysis","MissingData","ModelDeployment","NaturalLanguageProcessing","NumericalMathematics","OfficialStatistics","Optimization","Pharmacokinetics","Psychometrics","ReproducibleResearch","Robust","Spatial","SpatioTemporal","Survival","TeachingStatistics","TimeSeries","Tracking","WebTechnologies"],"z":[[0,0.0526968771419992,0.138065891448625,0.186324948228068,0.0213123489694861,0.0392403072553508,0.0938745465313691,0.154265651621153,0.126623807719261,0.0933246978596778,0.0363607919932713,0.0972974835083679,0.0535330383762491,0.213115388395887,0.0805883557288863,0.0550787367638012,0.133942635721237,0.0743452007713165,0.185001733433668,0.113425322494678,0.0453780519843233,0.0373878740781519,0.070704722430209,0.0823331230153761,0.0605120430822844,0.0475074135681561,0.113031637930265,0.0247413067587061,0.0723972148898827,0.0971286083616438,0.100414666043569,0.0954310703099525,0.0727702153690731,0.146493203502344,0.054923602811416,0.0337627118720134],[0.0526968771419992,0,0.0332733647663201,0.0720343884269047,0.0390753224705676,0.0403358897104598,0.0155245771422829,0.0575411886282719,0.0846846451922057,0.0607591302855403,0.0101353720874632,0.0318821145327946,0.0568520567473168,0.0331305747899853,0.0316238596540087,0.0772454970250643,0.0506713980365752,0.0829220227639516,0.044932229616307,0.0520839444625838,0.0337342759325266,0.0373324484788733,0.0525897703994963,0.0554760868636001,0.0496343369894502,0.0285615950102536,0.0408356429520628,0.0365458996546578,0.0436165788547772,0.0670871109401604,0.0703105971069516,0.0214657127165613,0.0493612667441547,0.0578100109889249,0.041871514874472,0.0437144511804268],[0.138065891448625,0.0332733647663201,0,0.043737831838853,0.0106355995621014,0.0198307840633513,0.0290621377483199,0.062832199580448,0.0520264064421725,0.266906747219435,0.00712790232554015,0.033647814827858,0.0200450170313753,0.0369959399471433,0.0286900629946531,0.0306554466186573,0.0423359154776805,0.0355159330820934,0.171843788231004,0.0872616904485235,0.0227416626942307,0.0237677570774645,0.0353125622341466,0.0728834012839653,0.0363770816299962,0.199521303359924,0.0442570436164366,0.024873441113534,0.030583348315983,0.0393025569351082,0.0378556234492708,0.0661930681169947,0.0342691663986342,0.0324969495725508,0.0249664329419527,0.016965924632136],[0.186324948228068,0.0720343884269047,0.043737831838853,0,0.0147194026073152,0.0204678012538336,0.0903422240672,0.0862698856965193,0.167137239940584,0.0635115946602475,0.0233267853540324,0.0407653706573138,0.165273568192828,0.0999017720355656,0.0553153715837051,0.0355920768493429,0.106553744004059,0.0591776013416979,0.0984661231863236,0.0845896909690859,0.0269083922311939,0.0459853177008621,0.0567644090150066,0.0835041331682755,0.0643150957938681,0.01548749420866,0.114023068865524,0.0258652552188369,0.0702990226510853,0.0636920817698235,0.0619613587488835,0.0713693053722741,0.0299879586731634,0.08790522638574,0.0348307854078692,0.0215465158878345],[0.0213123489694861,0.0390753224705676,0.0106355995621014,0.0147194026073152,0,0.0100657777985344,0.00239870188567529,0.0172596540980179,0.0184820563596487,0.0146126329105141,0.00178780238968678,0.0347986614677311,0.00545946206254831,0.0244449401874183,0.077223359575353,0.0399347235504568,0.0134802896866678,0.0227943790204057,0.024858272645366,0.0147833376257861,0.133057969313888,0.0364313508850564,0.0237902684954189,0.0485639442635467,0.0182573017306606,0.0116347343626616,0.010406087006664,0.0490264695123797,0.0167087116341649,0.0650235714065945,0.0217274578045512,0.0075478623869736,0.0148031614288874,0.0349650499787223,0.0184882271092791,0.138212615912922],[0.0392403072553508,0.0403358897104598,0.0198307840633513,0.0204678012538336,0.0100657777985344,0,0.00787574549728517,0.0334272218687597,0.0249626644397467,0.0182690619632609,0.0026586158601779,0.0256965948083469,0.00897574863742301,0.0174073382199747,0.0255177138054779,0.0160243104893574,0.0161062503348534,0.0137074775948321,0.0160506921355614,0.0126719696830295,0.0136146898371118,0.0183576388075144,0.129800398787269,0.019693000381236,0.171305696373528,0.0140670143855058,0.0201249962316483,0.0159025548555485,0.0114091365908081,0.0174343425062974,0.0163913097343091,0.00746351217045655,0.0116327651970773,0.0212271535124015,0.0116773348652455,0.00973072453942658],[0.0938745465313691,0.0155245771422829,0.0290621377483199,0.0903422240672,0.00239870188567529,0.00787574549728517,0,0.0561219707009301,0.0418315646255069,0.0444316203619008,0.0497477623827645,0.0291398814437675,0.00953094307771413,0.116021314651004,0.0141919004354609,0.0112749955445301,0.0227830026831816,0.0245251812391327,0.060616454186833,0.0225485064971254,0.0047699230449812,0.0134540153329529,0.0508116490662129,0.0258300334228424,0.016367974169801,0.00509718505466081,0.0317043086584666,0.00398721752441537,0.0299157332914555,0.0136385869783519,0.0148979093190469,0.0462078258350502,0.0381268021201146,0.0260371128146452,0.0059124510152097,0.00577873323976118],[0.154265651621153,0.0575411886282719,0.062832199580448,0.0862698856965193,0.0172596540980179,0.0334272218687597,0.0561219707009301,0,0.127812577901206,0.0797013670609842,0.0208487354771457,0.0901063211880892,0.0327986009192088,0.0533976248461722,0.042031468658